000000000000
000000000001
000000000010
000000000011
000000000100
000000000101
000000000110
000000000111
000000001000
000000001001
000000010000
000000010001
000000010010
000000010011
000000010100
000000010101
000000000001
000000000010
000000000011
000000000100
000000000101
000000000110
000000000111
000000001000
000000001001
000000010000
000000010001
000000010010
000000010011
000000010100
000000010101
000000010110
000000000010
000000000011
000000000100
000000000101
000000000110
000000000111
000000001000
000000001001
000000010000
000000010001
000000010010
000000010011
000000010100
000000010101
000000010110
000000010111
000000000011
000000000100
000000000101
000000000110
000000000111
000000001000
000000001001
000000010000
000000010001
000000010010
000000010011
000000010100
000000010101
000000010110
000000010111
000000011000
000000000100
000000000101
000000000110
000000000111
000000001000
000000001001
000000010000
000000010001
000000010010
000000010011
000000010100
000000010101
000000010110
000000010111
000000011000
000000011001
000000000101
000000000110
000000000111
000000001000
000000001001
000000010000
000000010001
000000010010
000000010011
000000010100
000000010101
000000010110
000000010111
000000011000
000000011001
000000100000
000000000110
000000000111
000000001000
000000001001
000000010000
000000010001
000000010010
000000010011
000000010100
000000010101
000000010110
000000010111
000000011000
000000011001
000000100000
000000100001
000000000111
000000001000
000000001001
000000010000
000000010001
000000010010
000000010011
000000010100
000000010101
000000010110
000000010111
000000011000
000000011001
000000100000
000000100001
000000100010
000000001000
000000001001
000000010000
000000010001
000000010010
000000010011
000000010100
000000010101
000000010110
000000010111
000000011000
000000011001
000000100000
000000100001
000000100010
000000100011
000000001001
000000010000
000000010001
000000010010
000000010011
000000010100
000000010101
000000010110
000000010111
000000011000
000000011001
000000100000
000000100001
000000100010
000000100011
000000100100
000000010000
000000010001
000000010010
000000010011
000000010100
000000010101
000000010110
000000010111
000000011000
000000011001
000000100000
000000100001
000000100010
000000100011
000000100100
000000100101
000000010001
000000010010
000000010011
000000010100
000000010101
000000010110
000000010111
000000011000
000000011001
000000100000
000000100001
000000100010
000000100011
000000100100
000000100101
000000100110
000000010010
000000010011
000000010100
000000010101
000000010110
000000010111
000000011000
000000011001
000000100000
000000100001
000000100010
000000100011
000000100100
000000100101
000000100110
000000100111
000000010011
000000010100
000000010101
000000010110
000000010111
000000011000
000000011001
000000100000
000000100001
000000100010
000000100011
000000100100
000000100101
000000100110
000000100111
000000101000
000000010100
000000010101
000000010110
000000010111
000000011000
000000011001
000000100000
000000100001
000000100010
000000100011
000000100100
000000100101
000000100110
000000100111
000000101000
000000101001
000000010101
000000010110
000000010111
000000011000
000000011001
000000100000
000000100001
000000100010
000000100011
000000100100
000000100101
000000100110
000000100111
000000101000
000000101001
000000110000