000000000000
000000000000
000000000000
000000000000
000000000000
000000000000
000000000000
000000000000
000000000000
000000000000
000000000000
000000000000
000000000000
000000000000
000000000000
000000000000
000000000000
000000000001
000000000000
000000000000
000000000000
000000000000
000000000000
000000000000
000000000000
000000000000
000000000000
000000000000
000000000000
000000000000
000000000000
000000000000
000000000000
000000000010
000000000001
000000000000
000000000000
000000000000
000000000000
000000000000
000000000000
000000000000
000000000000
000000000000
000000000000
000000000000
000000000000
000000000000
000000000000
000000000011
000000000001
000000000001
000000000000
000000000000
000000000000
000000000000
000000000000
000000000000
000000000000
000000000000
000000000000
000000000000
000000000000
000000000000
000000000000
000000000100
000000000010
000000000001
000000000001
000000000000
000000000000
000000000000
000000000000
000000000000
000000000000
000000000000
000000000000
000000000000
000000000000
000000000000
000000000000
000000000101
000000000010
000000000001
000000000001
000000000001
000000000000
000000000000
000000000000
000000000000
000000000000
000000000000
000000000000
000000000000
000000000000
000000000000
000000000000
000000000110
000000000011
000000000010
000000000001
000000000001
000000000001
000000000000
000000000000
000000000000
000000000000
000000000000
000000000000
000000000000
000000000000
000000000000
000000000000
000000000111
000000000011
000000000010
000000000001
000000000001
000000000001
000000000001
000000000000
000000000000
000000000000
000000000000
000000000000
000000000000
000000000000
000000000000
000000000000
000000001000
000000000100
000000000010
000000000010
000000000001
000000000001
000000000001
000000000001
000000000000
000000000000
000000000000
000000000000
000000000000
000000000000
000000000000
000000000000
000000001001
000000000100
000000000011
000000000010
000000000001
000000000001
000000000001
000000000001
000000000001
000000000000
000000000000
000000000000
000000000000
000000000000
000000000000
000000000000
000000010000
000000000101
000000000011
000000000010
000000000010
000000000001
000000000001
000000000001
000000000001
000000000001
000000000000
000000000000
000000000000
000000000000
000000000000
000000000000
000000010001
000000000101
000000000011
000000000010
000000000010
000000000001
000000000001
000000000001
000000000001
000000000001
000000000001
000000000000
000000000000
000000000000
000000000000
000000000000
000000010010
000000000110
000000000100
000000000011
000000000010
000000000010
000000000001
000000000001
000000000001
000000000001
000000000001
000000000001
000000000000
000000000000
000000000000
000000000000
000000010011
000000000110
000000000100
000000000011
000000000010
000000000010
000000000001
000000000001
000000000001
000000000001
000000000001
000000000001
000000000001
000000000000
000000000000
000000000000
000000010100
000000000111
000000000100
000000000011
000000000010
000000000010
000000000010
000000000001
000000000001
000000000001
000000000001
000000000001
000000000001
000000000001
000000000000
000000000000
000000010101
000000000111
000000000101
000000000011
000000000011
000000000010
000000000010
000000000001
000000000001
000000000001
000000000001
000000000001
000000000001
000000000001
000000000001